function c=Const_Problem_24(x)

c=[-12*x(1)-9*x(2)-25*x(3)-20*x(4)-17*x(5)-13*x(6)+60;
    -35*x(1)-42*x(2)-18*x(3)-31*x(4)-56*x(5)-49*x(6)+150;
    -37*x(1)-53*x(2)-28*x(3)-24*x(4)-29*x(5)-20*x(6)+125];
end

